0
0
[0, 0, 0, 0, 0, 0, 0]
[0, 0, 0, 0, 0, 0, 0]
[0, 0, 0, 0, 0, 0, 0]
[0, 0, 0, 0, 0, 0, 0]
[0, 0, 0, 0, 0, 0, 0]
[0, 0, 0, 0, 0, 0, 0]

1
[0, 0, 0, 0, 0, 0, 0]
[0, 0, 0, 0, 0, 0, 0]
[0, 0, 0, 0, 0, 0, 0]
[0, 0, 0, 0, 0, 0, 0]
[0, 0, 0, 0, 0, 0, 0]
[0, 0, 1, 0, 0, 0, 0]

-----
child is  18
child has 7 children
board is  [[0, 0, 0, 0, 0, 0, 0], [0, 0, 0, 0, 0, 0, 0], [0, 0, 0, 0, 0, 0, 0], [0, 0, 0, 0, 0, 0, 0], [0, 0, 0, 0, 0, 0, 0], [2, 0, 1, 0, 0, 0, 0]]
heuristic value is  52
-----
-----
child is  19
child has 7 children
board is  [[0, 0, 0, 0, 0, 0, 0], [0, 0, 0, 0, 0, 0, 0], [0, 0, 0, 0, 0, 0, 0], [0, 0, 0, 0, 0, 0, 0], [0, 0, 0, 0, 0, 0, 0], [0, 2, 1, 0, 0, 0, 0]]
heuristic value is  46
-----
-----
child is  20
child has 7 children
board is  [[0, 0, 0, 0, 0, 0, 0], [0, 0, 0, 0, 0, 0, 0], [0, 0, 0, 0, 0, 0, 0], [0, 0, 0, 0, 0, 0, 0], [0, 0, 2, 0, 0, 0, 0], [0, 0, 1, 0, 0, 0, 0]]
heuristic value is  -4
-----
-----
child is  21
child has 7 children
board is  [[0, 0, 0, 0, 0, 0, 0], [0, 0, 0, 0, 0, 0, 0], [0, 0, 0, 0, 0, 0, 0], [0, 0, 0, 0, 0, 0, 0], [0, 0, 0, 0, 0, 0, 0], [0, 0, 1, 2, 0, 0, 0]]
heuristic value is  -2
-----
-----
child is  22
child has 7 children
board is  [[0, 0, 0, 0, 0, 0, 0], [0, 0, 0, 0, 0, 0, 0], [0, 0, 0, 0, 0, 0, 0], [0, 0, 0, 0, 0, 0, 0], [0, 0, 0, 0, 0, 0, 0], [0, 0, 1, 0, 2, 0, 0]]
heuristic value is  -2
-----
-----
child is  23
child has 7 children
board is  [[0, 0, 0, 0, 0, 0, 0], [0, 0, 0, 0, 0, 0, 0], [0, 0, 0, 0, 0, 0, 0], [0, 0, 0, 0, 0, 0, 0], [0, 0, 0, 0, 0, 0, 0], [0, 0, 1, 0, 0, 2, 0]]
heuristic value is  -2
-----
-----
child is  24
child has 7 children
board is  [[0, 0, 0, 0, 0, 0, 0], [0, 0, 0, 0, 0, 0, 0], [0, 0, 0, 0, 0, 0, 0], [0, 0, 0, 0, 0, 0, 0], [0, 0, 0, 0, 0, 0, 0], [0, 0, 1, 0, 0, 0, 2]]
heuristic value is  -2
-----
2
[0, 0, 0, 0, 0, 0, 0]
[0, 0, 0, 0, 0, 0, 0]
[0, 0, 0, 0, 0, 0, 0]
[0, 0, 0, 0, 0, 0, 0]
[0, 0, 2, 0, 0, 0, 0]
[0, 0, 1, 0, 0, 0, 0]

1
[0, 0, 0, 0, 0, 0, 0]
[0, 0, 0, 0, 0, 0, 0]
[0, 0, 0, 0, 0, 0, 0]
[0, 0, 0, 0, 0, 0, 0]
[0, 0, 2, 0, 0, 0, 0]
[1, 0, 1, 0, 0, 0, 0]

-----
child is  199
child has 7 children
board is  [[0, 0, 0, 0, 0, 0, 0], [0, 0, 0, 0, 0, 0, 0], [0, 0, 0, 0, 0, 0, 0], [0, 0, 0, 0, 0, 0, 0], [2, 0, 2, 0, 0, 0, 0], [1, 0, 1, 0, 0, 0, 0]]
heuristic value is  -6
-----
-----
child is  157
child has 7 children
board is  [[0, 0, 0, 0, 0, 0, 0], [0, 0, 0, 0, 0, 0, 0], [0, 0, 0, 0, 0, 0, 0], [0, 0, 0, 0, 0, 0, 0], [0, 0, 2, 0, 0, 0, 0], [1, 2, 1, 0, 0, 0, 0]]
heuristic value is  14
-----
-----
child is  200
child has 7 children
board is  [[0, 0, 0, 0, 0, 0, 0], [0, 0, 0, 0, 0, 0, 0], [0, 0, 0, 0, 0, 0, 0], [0, 0, 2, 0, 0, 0, 0], [0, 0, 2, 0, 0, 0, 0], [1, 0, 1, 0, 0, 0, 0]]
heuristic value is  -16
-----
-----
child is  201
child has 7 children
board is  [[0, 0, 0, 0, 0, 0, 0], [0, 0, 0, 0, 0, 0, 0], [0, 0, 0, 0, 0, 0, 0], [0, 0, 0, 0, 0, 0, 0], [0, 0, 2, 0, 0, 0, 0], [1, 0, 1, 2, 0, 0, 0]]
heuristic value is  -12
-----
-----
child is  202
child has 7 children
board is  [[0, 0, 0, 0, 0, 0, 0], [0, 0, 0, 0, 0, 0, 0], [0, 0, 0, 0, 0, 0, 0], [0, 0, 0, 0, 0, 0, 0], [0, 0, 2, 0, 0, 0, 0], [1, 0, 1, 0, 2, 0, 0]]
heuristic value is  0
-----
-----
child is  203
child has 7 children
board is  [[0, 0, 0, 0, 0, 0, 0], [0, 0, 0, 0, 0, 0, 0], [0, 0, 0, 0, 0, 0, 0], [0, 0, 0, 0, 0, 0, 0], [0, 0, 2, 0, 0, 0, 0], [1, 0, 1, 0, 0, 2, 0]]
heuristic value is  0
-----
-----
child is  204
child has 7 children
board is  [[0, 0, 0, 0, 0, 0, 0], [0, 0, 0, 0, 0, 0, 0], [0, 0, 0, 0, 0, 0, 0], [0, 0, 0, 0, 0, 0, 0], [0, 0, 2, 0, 0, 0, 0], [1, 0, 1, 0, 0, 0, 2]]
heuristic value is  0
-----
2
[0, 0, 0, 0, 0, 0, 0]
[0, 0, 0, 0, 0, 0, 0]
[0, 0, 0, 0, 0, 0, 0]
[0, 0, 2, 0, 0, 0, 0]
[0, 0, 2, 0, 0, 0, 0]
[1, 0, 1, 0, 0, 0, 0]

1
[0, 0, 0, 0, 0, 0, 0]
[0, 0, 0, 0, 0, 0, 0]
[0, 0, 0, 0, 0, 0, 0]
[0, 0, 2, 0, 0, 0, 0]
[0, 0, 2, 0, 0, 0, 0]
[1, 1, 1, 0, 0, 0, 0]

-----
child is  402
child has 7 children
board is  [[0, 0, 0, 0, 0, 0, 0], [0, 0, 0, 0, 0, 0, 0], [0, 0, 0, 0, 0, 0, 0], [0, 0, 2, 0, 0, 0, 0], [2, 0, 2, 0, 0, 0, 0], [1, 1, 1, 0, 0, 0, 0]]
heuristic value is  -14
-----
-----
child is  492
child has 7 children
board is  [[0, 0, 0, 0, 0, 0, 0], [0, 0, 0, 0, 0, 0, 0], [0, 0, 0, 0, 0, 0, 0], [0, 0, 2, 0, 0, 0, 0], [0, 2, 2, 0, 0, 0, 0], [1, 1, 1, 0, 0, 0, 0]]
heuristic value is  -56
-----
-----
child is  493
child has 7 children
board is  [[0, 0, 0, 0, 0, 0, 0], [0, 0, 0, 0, 0, 0, 0], [0, 0, 2, 0, 0, 0, 0], [0, 0, 2, 0, 0, 0, 0], [0, 0, 2, 0, 0, 0, 0], [1, 1, 1, 0, 0, 0, 0]]
heuristic value is  -58
-----
-----
child is  494
child has 7 children
board is  [[0, 0, 0, 0, 0, 0, 0], [0, 0, 0, 0, 0, 0, 0], [0, 0, 0, 0, 0, 0, 0], [0, 0, 2, 0, 0, 0, 0], [0, 0, 2, 0, 0, 0, 0], [1, 1, 1, 2, 0, 0, 0]]
heuristic value is  -40
-----
-----
child is  495
child has 7 children
board is  [[0, 0, 0, 0, 0, 0, 0], [0, 0, 0, 0, 0, 0, 0], [0, 0, 0, 0, 0, 0, 0], [0, 0, 2, 0, 0, 0, 0], [0, 0, 2, 0, 0, 0, 0], [1, 1, 1, 0, 2, 0, 0]]
heuristic value is  -26
-----
-----
child is  496
child has 7 children
board is  [[0, 0, 0, 0, 0, 0, 0], [0, 0, 0, 0, 0, 0, 0], [0, 0, 0, 0, 0, 0, 0], [0, 0, 2, 0, 0, 0, 0], [0, 0, 2, 0, 0, 0, 0], [1, 1, 1, 0, 0, 2, 0]]
heuristic value is  -14
-----
-----
child is  497
child has 7 children
board is  [[0, 0, 0, 0, 0, 0, 0], [0, 0, 0, 0, 0, 0, 0], [0, 0, 0, 0, 0, 0, 0], [0, 0, 2, 0, 0, 0, 0], [0, 0, 2, 0, 0, 0, 0], [1, 1, 1, 0, 0, 0, 2]]
heuristic value is  -4
-----
2
[0, 0, 0, 0, 0, 0, 0]
[0, 0, 0, 0, 0, 0, 0]
[0, 0, 2, 0, 0, 0, 0]
[0, 0, 2, 0, 0, 0, 0]
[0, 0, 2, 0, 0, 0, 0]
[1, 1, 1, 0, 0, 0, 0]

1
[0, 0, 0, 0, 0, 0, 0]
[0, 0, 1, 0, 0, 0, 0]
[0, 0, 2, 0, 0, 0, 0]
[0, 0, 2, 0, 0, 0, 0]
[0, 0, 2, 0, 0, 0, 0]
[1, 1, 1, 0, 0, 0, 0]

-----
child is  772
child has 7 children
board is  [[0, 0, 0, 0, 0, 0, 0], [0, 0, 1, 0, 0, 0, 0], [0, 0, 2, 0, 0, 0, 0], [0, 0, 2, 0, 0, 0, 0], [2, 0, 2, 0, 0, 0, 0], [1, 1, 1, 0, 0, 0, 0]]
heuristic value is  -52
-----
-----
child is  773
child has 7 children
board is  [[0, 0, 0, 0, 0, 0, 0], [0, 0, 1, 0, 0, 0, 0], [0, 0, 2, 0, 0, 0, 0], [0, 0, 2, 0, 0, 0, 0], [0, 2, 2, 0, 0, 0, 0], [1, 1, 1, 0, 0, 0, 0]]
heuristic value is  -90
-----
-----
child is  774
child has 6 children
board is  [[0, 0, 2, 0, 0, 0, 0], [0, 0, 1, 0, 0, 0, 0], [0, 0, 2, 0, 0, 0, 0], [0, 0, 2, 0, 0, 0, 0], [0, 0, 2, 0, 0, 0, 0], [1, 1, 1, 0, 0, 0, 0]]
heuristic value is  -50
-----
-----
child is  775
child has 7 children
board is  [[0, 0, 0, 0, 0, 0, 0], [0, 0, 1, 0, 0, 0, 0], [0, 0, 2, 0, 0, 0, 0], [0, 0, 2, 0, 0, 0, 0], [0, 0, 2, 0, 0, 0, 0], [1, 1, 1, 2, 0, 0, 0]]
heuristic value is  -74
-----
-----
child is  776
child has 7 children
board is  [[0, 0, 0, 0, 0, 0, 0], [0, 0, 1, 0, 0, 0, 0], [0, 0, 2, 0, 0, 0, 0], [0, 0, 2, 0, 0, 0, 0], [0, 0, 2, 0, 0, 0, 0], [1, 1, 1, 0, 2, 0, 0]]
heuristic value is  -62
-----
-----
child is  777
child has 7 children
board is  [[0, 0, 0, 0, 0, 0, 0], [0, 0, 1, 0, 0, 0, 0], [0, 0, 2, 0, 0, 0, 0], [0, 0, 2, 0, 0, 0, 0], [0, 0, 2, 0, 0, 0, 0], [1, 1, 1, 0, 0, 2, 0]]
heuristic value is  -52
-----
-----
child is  778
child has 7 children
board is  [[0, 0, 0, 0, 0, 0, 0], [0, 0, 1, 0, 0, 0, 0], [0, 0, 2, 0, 0, 0, 0], [0, 0, 2, 0, 0, 0, 0], [0, 0, 2, 0, 0, 0, 0], [1, 1, 1, 0, 0, 0, 2]]
heuristic value is  -38
-----
2
[0, 0, 0, 0, 0, 0, 0]
[0, 0, 1, 0, 0, 0, 0]
[0, 0, 2, 0, 0, 0, 0]
[0, 0, 2, 0, 0, 0, 0]
[0, 2, 2, 0, 0, 0, 0]
[1, 1, 1, 0, 0, 0, 0]

1
[0, 0, 0, 0, 0, 0, 0]
[0, 0, 1, 0, 0, 0, 0]
[0, 0, 2, 0, 0, 0, 0]
[0, 0, 2, 0, 0, 0, 0]
[0, 2, 2, 0, 0, 0, 0]
[1, 1, 1, 1, 0, 0, 0]

order is  {'Tie': 'Tie', 2: 'mini', 1: 'last'}
game 0 winner is last











1
0
[0, 0, 0, 0, 0, 0, 0]
[0, 0, 0, 0, 0, 0, 0]
[0, 0, 0, 0, 0, 0, 0]
[0, 0, 0, 0, 0, 0, 0]
[0, 0, 0, 0, 0, 0, 0]
[0, 0, 0, 0, 0, 0, 0]

-----
child is  1
child has 7 children
board is  [[0, 0, 0, 0, 0, 0, 0], [0, 0, 0, 0, 0, 0, 0], [0, 0, 0, 0, 0, 0, 0], [0, 0, 0, 0, 0, 0, 0], [0, 0, 0, 0, 0, 0, 0], [1, 0, 0, 0, 0, 0, 0]]
heuristic value is  -6
-----
-----
child is  9
child has 7 children
board is  [[0, 0, 0, 0, 0, 0, 0], [0, 0, 0, 0, 0, 0, 0], [0, 0, 0, 0, 0, 0, 0], [0, 0, 0, 0, 0, 0, 0], [0, 0, 0, 0, 0, 0, 0], [0, 1, 0, 0, 0, 0, 0]]
heuristic value is  -4
-----
-----
child is  17
child has 7 children
board is  [[0, 0, 0, 0, 0, 0, 0], [0, 0, 0, 0, 0, 0, 0], [0, 0, 0, 0, 0, 0, 0], [0, 0, 0, 0, 0, 0, 0], [0, 0, 0, 0, 0, 0, 0], [0, 0, 1, 0, 0, 0, 0]]
heuristic value is  -2
-----
-----
child is  25
child has 7 children
board is  [[0, 0, 0, 0, 0, 0, 0], [0, 0, 0, 0, 0, 0, 0], [0, 0, 0, 0, 0, 0, 0], [0, 0, 0, 0, 0, 0, 0], [0, 0, 0, 0, 0, 0, 0], [0, 0, 0, 1, 0, 0, 0]]
heuristic value is  -4
-----
-----
child is  33
child has 7 children
board is  [[0, 0, 0, 0, 0, 0, 0], [0, 0, 0, 0, 0, 0, 0], [0, 0, 0, 0, 0, 0, 0], [0, 0, 0, 0, 0, 0, 0], [0, 0, 0, 0, 0, 0, 0], [0, 0, 0, 0, 1, 0, 0]]
heuristic value is  -4
-----
-----
child is  41
child has 7 children
board is  [[0, 0, 0, 0, 0, 0, 0], [0, 0, 0, 0, 0, 0, 0], [0, 0, 0, 0, 0, 0, 0], [0, 0, 0, 0, 0, 0, 0], [0, 0, 0, 0, 0, 0, 0], [0, 0, 0, 0, 0, 1, 0]]
heuristic value is  -4
-----
-----
child is  49
child has 7 children
board is  [[0, 0, 0, 0, 0, 0, 0], [0, 0, 0, 0, 0, 0, 0], [0, 0, 0, 0, 0, 0, 0], [0, 0, 0, 0, 0, 0, 0], [0, 0, 0, 0, 0, 0, 0], [0, 0, 0, 0, 0, 0, 1]]
heuristic value is  -2
-----
1
[0, 0, 0, 0, 0, 0, 0]
[0, 0, 0, 0, 0, 0, 0]
[0, 0, 0, 0, 0, 0, 0]
[0, 0, 0, 0, 0, 0, 0]
[0, 0, 0, 0, 0, 0, 0]
[0, 0, 1, 0, 0, 0, 0]

2
[0, 0, 0, 0, 0, 0, 0]
[0, 0, 0, 0, 0, 0, 0]
[0, 0, 0, 0, 0, 0, 0]
[0, 0, 0, 0, 0, 0, 0]
[0, 0, 0, 0, 0, 0, 0]
[0, 0, 1, 0, 2, 0, 0]

-----
child is  57
child has 7 children
board is  [[0, 0, 0, 0, 0, 0, 0], [0, 0, 0, 0, 0, 0, 0], [0, 0, 0, 0, 0, 0, 0], [0, 0, 0, 0, 0, 0, 0], [0, 0, 0, 0, 0, 0, 0], [1, 0, 1, 0, 2, 0, 0]]
heuristic value is  -52
-----
-----
child is  58
child has 7 children
board is  [[0, 0, 0, 0, 0, 0, 0], [0, 0, 0, 0, 0, 0, 0], [0, 0, 0, 0, 0, 0, 0], [0, 0, 0, 0, 0, 0, 0], [0, 0, 0, 0, 0, 0, 0], [0, 1, 1, 0, 2, 0, 0]]
heuristic value is  -28
-----
-----
child is  59
child has 7 children
board is  [[0, 0, 0, 0, 0, 0, 0], [0, 0, 0, 0, 0, 0, 0], [0, 0, 0, 0, 0, 0, 0], [0, 0, 0, 0, 0, 0, 0], [0, 0, 1, 0, 0, 0, 0], [0, 0, 1, 0, 2, 0, 0]]
heuristic value is  -68
-----
-----
child is  60
child has 7 children
board is  [[0, 0, 0, 0, 0, 0, 0], [0, 0, 0, 0, 0, 0, 0], [0, 0, 0, 0, 0, 0, 0], [0, 0, 0, 0, 0, 0, 0], [0, 0, 0, 0, 0, 0, 0], [0, 0, 1, 1, 2, 0, 0]]
heuristic value is  -2
-----
-----
child is  61
child has 7 children
board is  [[0, 0, 0, 0, 0, 0, 0], [0, 0, 0, 0, 0, 0, 0], [0, 0, 0, 0, 0, 0, 0], [0, 0, 0, 0, 0, 0, 0], [0, 0, 0, 0, 1, 0, 0], [0, 0, 1, 0, 2, 0, 0]]
heuristic value is  -64
-----
-----
child is  62
child has 7 children
board is  [[0, 0, 0, 0, 0, 0, 0], [0, 0, 0, 0, 0, 0, 0], [0, 0, 0, 0, 0, 0, 0], [0, 0, 0, 0, 0, 0, 0], [0, 0, 0, 0, 0, 0, 0], [0, 0, 1, 0, 2, 1, 0]]
heuristic value is  -46
-----
-----
child is  63
child has 7 children
board is  [[0, 0, 0, 0, 0, 0, 0], [0, 0, 0, 0, 0, 0, 0], [0, 0, 0, 0, 0, 0, 0], [0, 0, 0, 0, 0, 0, 0], [0, 0, 0, 0, 0, 0, 0], [0, 0, 1, 0, 2, 0, 1]]
heuristic value is  -68
-----
1
[0, 0, 0, 0, 0, 0, 0]
[0, 0, 0, 0, 0, 0, 0]
[0, 0, 0, 0, 0, 0, 0]
[0, 0, 0, 0, 0, 0, 0]
[0, 0, 0, 0, 0, 0, 0]
[0, 0, 1, 1, 2, 0, 0]

2
[0, 0, 0, 0, 0, 0, 0]
[0, 0, 0, 0, 0, 0, 0]
[0, 0, 0, 0, 0, 0, 0]
[0, 0, 0, 0, 0, 0, 0]
[0, 0, 0, 2, 0, 0, 0]
[0, 0, 1, 1, 2, 0, 0]

-----
child is  113
child has 7 children
board is  [[0, 0, 0, 0, 0, 0, 0], [0, 0, 0, 0, 0, 0, 0], [0, 0, 0, 0, 0, 0, 0], [0, 0, 0, 0, 0, 0, 0], [0, 0, 0, 2, 0, 0, 0], [1, 0, 1, 1, 2, 0, 0]]
heuristic value is  -4
-----
-----
child is  114
child has 7 children
board is  [[0, 0, 0, 0, 0, 0, 0], [0, 0, 0, 0, 0, 0, 0], [0, 0, 0, 0, 0, 0, 0], [0, 0, 0, 0, 0, 0, 0], [0, 0, 0, 2, 0, 0, 0], [0, 1, 1, 1, 2, 0, 0]]
heuristic value is  10
-----
-----
child is  115
child has 7 children
board is  [[0, 0, 0, 0, 0, 0, 0], [0, 0, 0, 0, 0, 0, 0], [0, 0, 0, 0, 0, 0, 0], [0, 0, 0, 0, 0, 0, 0], [0, 0, 1, 2, 0, 0, 0], [0, 0, 1, 1, 2, 0, 0]]
heuristic value is  -10
-----
-----
child is  116
child has 7 children
board is  [[0, 0, 0, 0, 0, 0, 0], [0, 0, 0, 0, 0, 0, 0], [0, 0, 0, 0, 0, 0, 0], [0, 0, 0, 1, 0, 0, 0], [0, 0, 0, 2, 0, 0, 0], [0, 0, 1, 1, 2, 0, 0]]
heuristic value is  -2
-----
-----
child is  117
child has 7 children
board is  [[0, 0, 0, 0, 0, 0, 0], [0, 0, 0, 0, 0, 0, 0], [0, 0, 0, 0, 0, 0, 0], [0, 0, 0, 0, 0, 0, 0], [0, 0, 0, 2, 1, 0, 0], [0, 0, 1, 1, 2, 0, 0]]
heuristic value is  -2
-----
-----
child is  118
child has 7 children
board is  [[0, 0, 0, 0, 0, 0, 0], [0, 0, 0, 0, 0, 0, 0], [0, 0, 0, 0, 0, 0, 0], [0, 0, 0, 0, 0, 0, 0], [0, 0, 0, 2, 0, 0, 0], [0, 0, 1, 1, 2, 1, 0]]
heuristic value is  24
-----
-----
child is  119
child has 7 children
board is  [[0, 0, 0, 0, 0, 0, 0], [0, 0, 0, 0, 0, 0, 0], [0, 0, 0, 0, 0, 0, 0], [0, 0, 0, 0, 0, 0, 0], [0, 0, 0, 2, 0, 0, 0], [0, 0, 1, 1, 2, 0, 1]]
heuristic value is  12
-----
1
[0, 0, 0, 0, 0, 0, 0]
[0, 0, 0, 0, 0, 0, 0]
[0, 0, 0, 0, 0, 0, 0]
[0, 0, 0, 0, 0, 0, 0]
[0, 0, 0, 2, 0, 0, 0]
[0, 0, 1, 1, 2, 1, 0]

2
[0, 0, 0, 0, 0, 0, 0]
[0, 0, 0, 0, 0, 0, 0]
[0, 0, 0, 0, 0, 0, 0]
[0, 0, 0, 0, 0, 0, 0]
[0, 0, 2, 2, 0, 0, 0]
[0, 0, 1, 1, 2, 1, 0]

-----
child is  169
child has 7 children
board is  [[0, 0, 0, 0, 0, 0, 0], [0, 0, 0, 0, 0, 0, 0], [0, 0, 0, 0, 0, 0, 0], [0, 0, 0, 0, 0, 0, 0], [0, 0, 2, 2, 0, 0, 0], [1, 0, 1, 1, 2, 1, 0]]
heuristic value is  -16
-----
-----
child is  170
child has 7 children
board is  [[0, 0, 0, 0, 0, 0, 0], [0, 0, 0, 0, 0, 0, 0], [0, 0, 0, 0, 0, 0, 0], [0, 0, 0, 0, 0, 0, 0], [0, 0, 2, 2, 0, 0, 0], [0, 1, 1, 1, 2, 1, 0]]
heuristic value is  -2
-----
-----
child is  171
child has 7 children
board is  [[0, 0, 0, 0, 0, 0, 0], [0, 0, 0, 0, 0, 0, 0], [0, 0, 0, 0, 0, 0, 0], [0, 0, 1, 0, 0, 0, 0], [0, 0, 2, 2, 0, 0, 0], [0, 0, 1, 1, 2, 1, 0]]
heuristic value is  -18
-----
-----
child is  172
child has 7 children
board is  [[0, 0, 0, 0, 0, 0, 0], [0, 0, 0, 0, 0, 0, 0], [0, 0, 0, 0, 0, 0, 0], [0, 0, 0, 1, 0, 0, 0], [0, 0, 2, 2, 0, 0, 0], [0, 0, 1, 1, 2, 1, 0]]
heuristic value is  -14
-----
-----
child is  173
child has 7 children
board is  [[0, 0, 0, 0, 0, 0, 0], [0, 0, 0, 0, 0, 0, 0], [0, 0, 0, 0, 0, 0, 0], [0, 0, 0, 0, 0, 0, 0], [0, 0, 2, 2, 1, 0, 0], [0, 0, 1, 1, 2, 1, 0]]
heuristic value is  -16
-----
-----
child is  174
child has 7 children
board is  [[0, 0, 0, 0, 0, 0, 0], [0, 0, 0, 0, 0, 0, 0], [0, 0, 0, 0, 0, 0, 0], [0, 0, 0, 0, 0, 0, 0], [0, 0, 2, 2, 0, 1, 0], [0, 0, 1, 1, 2, 1, 0]]
heuristic value is  -18
-----
-----
child is  175
child has 7 children
board is  [[0, 0, 0, 0, 0, 0, 0], [0, 0, 0, 0, 0, 0, 0], [0, 0, 0, 0, 0, 0, 0], [0, 0, 0, 0, 0, 0, 0], [0, 0, 2, 2, 0, 0, 0], [0, 0, 1, 1, 2, 1, 1]]
heuristic value is  34
-----
1
[0, 0, 0, 0, 0, 0, 0]
[0, 0, 0, 0, 0, 0, 0]
[0, 0, 0, 0, 0, 0, 0]
[0, 0, 0, 0, 0, 0, 0]
[0, 0, 2, 2, 0, 0, 0]
[0, 0, 1, 1, 2, 1, 1]

2
[0, 0, 0, 0, 0, 0, 0]
[0, 0, 0, 0, 0, 0, 0]
[0, 0, 0, 0, 0, 0, 0]
[0, 0, 2, 0, 0, 0, 0]
[0, 0, 2, 2, 0, 0, 0]
[0, 0, 1, 1, 2, 1, 1]

-----
child is  225
child has 7 children
board is  [[0, 0, 0, 0, 0, 0, 0], [0, 0, 0, 0, 0, 0, 0], [0, 0, 0, 0, 0, 0, 0], [0, 0, 2, 0, 0, 0, 0], [0, 0, 2, 2, 0, 0, 0], [1, 0, 1, 1, 2, 1, 1]]
heuristic value is  -54
-----
-----
child is  226
child has 7 children
board is  [[0, 0, 0, 0, 0, 0, 0], [0, 0, 0, 0, 0, 0, 0], [0, 0, 0, 0, 0, 0, 0], [0, 0, 2, 0, 0, 0, 0], [0, 0, 2, 2, 0, 0, 0], [0, 1, 1, 1, 2, 1, 1]]
heuristic value is  -40
-----
-----
child is  227
child has 7 children
board is  [[0, 0, 0, 0, 0, 0, 0], [0, 0, 0, 0, 0, 0, 0], [0, 0, 1, 0, 0, 0, 0], [0, 0, 2, 0, 0, 0, 0], [0, 0, 2, 2, 0, 0, 0], [0, 0, 1, 1, 2, 1, 1]]
heuristic value is  -54
-----
-----
child is  228
child has 7 children
board is  [[0, 0, 0, 0, 0, 0, 0], [0, 0, 0, 0, 0, 0, 0], [0, 0, 0, 0, 0, 0, 0], [0, 0, 2, 1, 0, 0, 0], [0, 0, 2, 2, 0, 0, 0], [0, 0, 1, 1, 2, 1, 1]]
heuristic value is  -6
-----
-----
child is  229
child has 7 children
board is  [[0, 0, 0, 0, 0, 0, 0], [0, 0, 0, 0, 0, 0, 0], [0, 0, 0, 0, 0, 0, 0], [0, 0, 2, 0, 0, 0, 0], [0, 0, 2, 2, 1, 0, 0], [0, 0, 1, 1, 2, 1, 1]]
heuristic value is  -56
-----
-----
child is  230
child has 7 children
board is  [[0, 0, 0, 0, 0, 0, 0], [0, 0, 0, 0, 0, 0, 0], [0, 0, 0, 0, 0, 0, 0], [0, 0, 2, 0, 0, 0, 0], [0, 0, 2, 2, 0, 1, 0], [0, 0, 1, 1, 2, 1, 1]]
heuristic value is  -56
-----
-----
child is  231
child has 7 children
board is  [[0, 0, 0, 0, 0, 0, 0], [0, 0, 0, 0, 0, 0, 0], [0, 0, 0, 0, 0, 0, 0], [0, 0, 2, 0, 0, 0, 0], [0, 0, 2, 2, 0, 0, 1], [0, 0, 1, 1, 2, 1, 1]]
heuristic value is  -58
-----
1
[0, 0, 0, 0, 0, 0, 0]
[0, 0, 0, 0, 0, 0, 0]
[0, 0, 0, 0, 0, 0, 0]
[0, 0, 2, 1, 0, 0, 0]
[0, 0, 2, 2, 0, 0, 0]
[0, 0, 1, 1, 2, 1, 1]

2
[0, 0, 0, 0, 0, 0, 0]
[0, 0, 0, 0, 0, 0, 0]
[0, 0, 0, 0, 0, 0, 0]
[0, 0, 2, 1, 0, 0, 0]
[0, 0, 2, 2, 0, 0, 0]
[0, 2, 1, 1, 2, 1, 1]

-----
child is  281
child has 7 children
board is  [[0, 0, 0, 0, 0, 0, 0], [0, 0, 0, 0, 0, 0, 0], [0, 0, 0, 0, 0, 0, 0], [0, 0, 2, 1, 0, 0, 0], [0, 0, 2, 2, 0, 0, 0], [1, 2, 1, 1, 2, 1, 1]]
heuristic value is  -18
-----
-----
child is  282
child has 7 children
board is  [[0, 0, 0, 0, 0, 0, 0], [0, 0, 0, 0, 0, 0, 0], [0, 0, 0, 0, 0, 0, 0], [0, 0, 2, 1, 0, 0, 0], [0, 1, 2, 2, 0, 0, 0], [0, 2, 1, 1, 2, 1, 1]]
heuristic value is  -26
-----
-----
child is  283
child has 7 children
board is  [[0, 0, 0, 0, 0, 0, 0], [0, 0, 0, 0, 0, 0, 0], [0, 0, 1, 0, 0, 0, 0], [0, 0, 2, 1, 0, 0, 0], [0, 0, 2, 2, 0, 0, 0], [0, 2, 1, 1, 2, 1, 1]]
heuristic value is  26
-----
-----
child is  284
child has 7 children
board is  [[0, 0, 0, 0, 0, 0, 0], [0, 0, 0, 0, 0, 0, 0], [0, 0, 0, 1, 0, 0, 0], [0, 0, 2, 1, 0, 0, 0], [0, 0, 2, 2, 0, 0, 0], [0, 2, 1, 1, 2, 1, 1]]
heuristic value is  28
-----
-----
child is  285
child has 7 children
board is  [[0, 0, 0, 0, 0, 0, 0], [0, 0, 0, 0, 0, 0, 0], [0, 0, 0, 0, 0, 0, 0], [0, 0, 2, 1, 0, 0, 0], [0, 0, 2, 2, 1, 0, 0], [0, 2, 1, 1, 2, 1, 1]]
heuristic value is  0
-----
-----
child is  286
child has 7 children
board is  [[0, 0, 0, 0, 0, 0, 0], [0, 0, 0, 0, 0, 0, 0], [0, 0, 0, 0, 0, 0, 0], [0, 0, 2, 1, 0, 0, 0], [0, 0, 2, 2, 0, 1, 0], [0, 2, 1, 1, 2, 1, 1]]
heuristic value is  -20
-----
-----
child is  287
child has 7 children
board is  [[0, 0, 0, 0, 0, 0, 0], [0, 0, 0, 0, 0, 0, 0], [0, 0, 0, 0, 0, 0, 0], [0, 0, 2, 1, 0, 0, 0], [0, 0, 2, 2, 0, 0, 1], [0, 2, 1, 1, 2, 1, 1]]
heuristic value is  -22
-----
1
[0, 0, 0, 0, 0, 0, 0]
[0, 0, 0, 0, 0, 0, 0]
[0, 0, 0, 1, 0, 0, 0]
[0, 0, 2, 1, 0, 0, 0]
[0, 0, 2, 2, 0, 0, 0]
[0, 2, 1, 1, 2, 1, 1]

2
[0, 0, 0, 0, 0, 0, 0]
[0, 0, 0, 0, 0, 0, 0]
[0, 0, 0, 1, 0, 0, 0]
[0, 0, 2, 1, 0, 0, 0]
[0, 2, 2, 2, 0, 0, 0]
[0, 2, 1, 1, 2, 1, 1]

-----
child is  337
child has 7 children
board is  [[0, 0, 0, 0, 0, 0, 0], [0, 0, 0, 0, 0, 0, 0], [0, 0, 0, 1, 0, 0, 0], [0, 0, 2, 1, 0, 0, 0], [0, 2, 2, 2, 0, 0, 0], [1, 2, 1, 1, 2, 1, 1]]
heuristic value is  -934
-----
-----
child is  338
child has 7 children
board is  [[0, 0, 0, 0, 0, 0, 0], [0, 0, 0, 0, 0, 0, 0], [0, 0, 0, 1, 0, 0, 0], [0, 1, 2, 1, 0, 0, 0], [0, 2, 2, 2, 0, 0, 0], [0, 2, 1, 1, 2, 1, 1]]
heuristic value is  -896
-----
-----
child is  339
child has 7 children
board is  [[0, 0, 0, 0, 0, 0, 0], [0, 0, 0, 0, 0, 0, 0], [0, 0, 1, 1, 0, 0, 0], [0, 0, 2, 1, 0, 0, 0], [0, 2, 2, 2, 0, 0, 0], [0, 2, 1, 1, 2, 1, 1]]
heuristic value is  -824
-----
-----
child is  340
child has 7 children
board is  [[0, 0, 0, 0, 0, 0, 0], [0, 0, 0, 1, 0, 0, 0], [0, 0, 0, 1, 0, 0, 0], [0, 0, 2, 1, 0, 0, 0], [0, 2, 2, 2, 0, 0, 0], [0, 2, 1, 1, 2, 1, 1]]
heuristic value is  -910
-----
-----
child is  341
child has 7 children
board is  [[0, 0, 0, 0, 0, 0, 0], [0, 0, 0, 0, 0, 0, 0], [0, 0, 0, 1, 0, 0, 0], [0, 0, 2, 1, 0, 0, 0], [0, 2, 2, 2, 1, 0, 0], [0, 2, 1, 1, 2, 1, 1]]
heuristic value is  16
-----
-----
child is  342
child has 7 children
board is  [[0, 0, 0, 0, 0, 0, 0], [0, 0, 0, 0, 0, 0, 0], [0, 0, 0, 1, 0, 0, 0], [0, 0, 2, 1, 0, 0, 0], [0, 2, 2, 2, 0, 1, 0], [0, 2, 1, 1, 2, 1, 1]]
heuristic value is  -914
-----
-----
child is  343
child has 7 children
board is  [[0, 0, 0, 0, 0, 0, 0], [0, 0, 0, 0, 0, 0, 0], [0, 0, 0, 1, 0, 0, 0], [0, 0, 2, 1, 0, 0, 0], [0, 2, 2, 2, 0, 0, 1], [0, 2, 1, 1, 2, 1, 1]]
heuristic value is  -938
-----
1
[0, 0, 0, 0, 0, 0, 0]
[0, 0, 0, 0, 0, 0, 0]
[0, 0, 0, 1, 0, 0, 0]
[0, 0, 2, 1, 0, 0, 0]
[0, 2, 2, 2, 1, 0, 0]
[0, 2, 1, 1, 2, 1, 1]

2
[0, 0, 0, 0, 0, 0, 0]
[0, 0, 0, 0, 0, 0, 0]
[0, 0, 0, 1, 0, 0, 0]
[0, 0, 2, 1, 0, 0, 0]
[0, 2, 2, 2, 1, 0, 0]
[2, 2, 1, 1, 2, 1, 1]

-----
child is  393
child has 7 children
board is  [[0, 0, 0, 0, 0, 0, 0], [0, 0, 0, 0, 0, 0, 0], [0, 0, 0, 1, 0, 0, 0], [0, 0, 2, 1, 0, 0, 0], [1, 2, 2, 2, 1, 0, 0], [2, 2, 1, 1, 2, 1, 1]]
heuristic value is  -4
-----
-----
child is  394
child has 7 children
board is  [[0, 0, 0, 0, 0, 0, 0], [0, 0, 0, 0, 0, 0, 0], [0, 0, 0, 1, 0, 0, 0], [0, 1, 2, 1, 0, 0, 0], [0, 2, 2, 2, 1, 0, 0], [2, 2, 1, 1, 2, 1, 1]]
heuristic value is  -844
-----
-----
child is  395
child has 0 children
board is  [[0, 0, 0, 0, 0, 0, 0], [0, 0, 0, 0, 0, 0, 0], [0, 0, 1, 1, 0, 0, 0], [0, 0, 2, 1, 0, 0, 0], [0, 2, 2, 2, 1, 0, 0], [2, 2, 1, 1, 2, 1, 1]]
heuristic value is  -270.0
-----
-----
child is  396
child has 7 children
board is  [[0, 0, 0, 0, 0, 0, 0], [0, 0, 0, 1, 0, 0, 0], [0, 0, 0, 1, 0, 0, 0], [0, 0, 2, 1, 0, 0, 0], [0, 2, 2, 2, 1, 0, 0], [2, 2, 1, 1, 2, 1, 1]]
heuristic value is  -858
-----
-----
child is  397
child has 7 children
board is  [[0, 0, 0, 0, 0, 0, 0], [0, 0, 0, 0, 0, 0, 0], [0, 0, 0, 1, 0, 0, 0], [0, 0, 2, 1, 1, 0, 0], [0, 2, 2, 2, 1, 0, 0], [2, 2, 1, 1, 2, 1, 1]]
heuristic value is  -748
-----
-----
child is  398
child has 7 children
board is  [[0, 0, 0, 0, 0, 0, 0], [0, 0, 0, 0, 0, 0, 0], [0, 0, 0, 1, 0, 0, 0], [0, 0, 2, 1, 0, 0, 0], [0, 2, 2, 2, 1, 1, 0], [2, 2, 1, 1, 2, 1, 1]]
heuristic value is  -796
-----
-----
child is  399
child has 7 children
board is  [[0, 0, 0, 0, 0, 0, 0], [0, 0, 0, 0, 0, 0, 0], [0, 0, 0, 1, 0, 0, 0], [0, 0, 2, 1, 0, 0, 0], [0, 2, 2, 2, 1, 0, 1], [2, 2, 1, 1, 2, 1, 1]]
heuristic value is  -842
-----
1
[0, 0, 0, 0, 0, 0, 0]
[0, 0, 0, 0, 0, 0, 0]
[0, 0, 0, 1, 0, 0, 0]
[0, 0, 2, 1, 0, 0, 0]
[1, 2, 2, 2, 1, 0, 0]
[2, 2, 1, 1, 2, 1, 1]

2
[0, 0, 0, 0, 0, 0, 0]
[0, 0, 0, 0, 0, 0, 0]
[0, 0, 0, 1, 0, 0, 0]
[0, 2, 2, 1, 0, 0, 0]
[1, 2, 2, 2, 1, 0, 0]
[2, 2, 1, 1, 2, 1, 1]

-----
child is  442
child has 7 children
board is  [[0, 0, 0, 0, 0, 0, 0], [0, 0, 0, 0, 0, 0, 0], [0, 0, 0, 1, 0, 0, 0], [1, 2, 2, 1, 0, 0, 0], [1, 2, 2, 2, 1, 0, 0], [2, 2, 1, 1, 2, 1, 1]]
heuristic value is  -10
-----
-----
child is  443
child has 7 children
board is  [[0, 0, 0, 0, 0, 0, 0], [0, 0, 0, 0, 0, 0, 0], [0, 1, 0, 1, 0, 0, 0], [0, 2, 2, 1, 0, 0, 0], [1, 2, 2, 2, 1, 0, 0], [2, 2, 1, 1, 2, 1, 1]]
heuristic value is  0
-----
-----
child is  444
child has 0 children
board is  [[0, 0, 0, 0, 0, 0, 0], [0, 0, 0, 0, 0, 0, 0], [0, 0, 1, 1, 0, 0, 0], [0, 2, 2, 1, 0, 0, 0], [1, 2, 2, 2, 1, 0, 0], [2, 2, 1, 1, 2, 1, 1]]
heuristic value is  -165.0
-----
-----
child is  445
child has 7 children
board is  [[0, 0, 0, 0, 0, 0, 0], [0, 0, 0, 1, 0, 0, 0], [0, 0, 0, 1, 0, 0, 0], [0, 2, 2, 1, 0, 0, 0], [1, 2, 2, 2, 1, 0, 0], [2, 2, 1, 1, 2, 1, 1]]
heuristic value is  -22
-----
-----
child is  446
child has 7 children
board is  [[0, 0, 0, 0, 0, 0, 0], [0, 0, 0, 0, 0, 0, 0], [0, 0, 0, 1, 0, 0, 0], [0, 2, 2, 1, 1, 0, 0], [1, 2, 2, 2, 1, 0, 0], [2, 2, 1, 1, 2, 1, 1]]
heuristic value is  88
-----
-----
child is  447
child has 7 children
board is  [[0, 0, 0, 0, 0, 0, 0], [0, 0, 0, 0, 0, 0, 0], [0, 0, 0, 1, 0, 0, 0], [0, 2, 2, 1, 0, 0, 0], [1, 2, 2, 2, 1, 1, 0], [2, 2, 1, 1, 2, 1, 1]]
heuristic value is  40
-----
-----
child is  448
child has 7 children
board is  [[0, 0, 0, 0, 0, 0, 0], [0, 0, 0, 0, 0, 0, 0], [0, 0, 0, 1, 0, 0, 0], [0, 2, 2, 1, 0, 0, 0], [1, 2, 2, 2, 1, 0, 1], [2, 2, 1, 1, 2, 1, 1]]
heuristic value is  -6
-----
1
[0, 0, 0, 0, 0, 0, 0]
[0, 0, 0, 0, 0, 0, 0]
[0, 0, 0, 1, 0, 0, 0]
[0, 2, 2, 1, 1, 0, 0]
[1, 2, 2, 2, 1, 0, 0]
[2, 2, 1, 1, 2, 1, 1]

2
[0, 0, 0, 0, 0, 0, 0]
[0, 0, 0, 0, 0, 0, 0]
[0, 2, 0, 1, 0, 0, 0]
[0, 2, 2, 1, 1, 0, 0]
[1, 2, 2, 2, 1, 0, 0]
[2, 2, 1, 1, 2, 1, 1]

order is  {'Tie': 'Tie', 1: 'mini', 2: 'last'}
game 1 winner is last
{'Tie': 0, 'mini': 0, 'last': 2}
0
